$ 1 0.000005 10.20027730826997 50 5 43 5e-11
R -352 464 -400 464 0 0 40 5 0 0 0.5
151 -192 384 -64 384 0 2 0 5
150 -192 448 -64 448 0 2 0 5
I -240 432 -192 432 0 0.5 5
I -192 496 -64 496 0 0.5 5
154 -64 416 32 416 0 2 0 5
I 32 416 64 416 0 0.5 5
153 64 432 192 432 0 2 0 5
w -352 464 -352 432 0
w -352 464 -352 496 0
s -352 432 -288 432 0 0 false
s -352 464 -288 464 0 0 false
s -352 496 -288 496 0 0 false
w -64 384 -64 400 0
w -64 448 -64 432 0
w -64 496 64 496 0
w 64 448 64 496 0
w -288 432 -288 368 0
w -288 368 -192 368 0
w -288 464 -272 464 0
w -272 400 -192 400 0
w -272 464 -272 432 0
w -272 432 -240 432 0
w -272 432 -272 400 0
w -288 496 -256 496 0
w -256 496 -256 464 0
w -256 464 -192 464 0
w -256 496 -192 496 0
